 &VERTLEVS
  z_top_of_model             =  78148.5,
  first_constant_r_rho_level =  72,
   eta_theta =
    0.0000000e+00,   6.3980784e-05,   2.7725007e-04,   5.7582691e-04,   9.5971161e-04,
    1.4289039e-03,   1.9834039e-03,   2.6232114e-03,   3.3483270e-03,   4.1587511e-03,
    5.0544809e-03,   6.0355193e-03,   7.1018650e-03,   8.2535213e-03,   9.4904825e-03,
    1.0812750e-02,   1.2220325e-02,   1.3713218e-02,   1.5291407e-02,   1.6954903e-02,
    1.8703705e-02,   2.0537827e-02,   2.2457255e-02,   2.4461981e-02,   2.6552025e-02,
    2.8727375e-02,   3.0988021e-02,   3.3333987e-02,   3.5765257e-02,   3.8281824e-02,
    4.0883712e-02,   4.3570913e-02,   4.6343405e-02,   4.9201224e-02,   5.2144337e-02,
    5.5172749e-02,   5.8286481e-02,   6.1485529e-02,   6.4769872e-02,   6.8139523e-02,
    7.1594492e-02,   7.5134769e-02,   7.8760341e-02,   8.2471214e-02,   8.6267419e-02,
    9.0148956e-02,   9.4115838e-02,   9.8168127e-02,   1.0230592e-01,   1.0652930e-01,
    1.1083846e-01,   1.1523358e-01,   1.1971485e-01,   1.2428270e-01,   1.2893766e-01,
    1.3368008e-01,   1.3851072e-01,   1.4343031e-01,   1.4843988e-01,   1.5354036e-01,
    1.5873317e-01,   1.6401988e-01,   1.6940197e-01,   1.7488162e-01,   1.8046103e-01,
    1.8614288e-01,   1.9192992e-01,   1.9782549e-01,   2.0383333e-01,   2.0995742e-01,
    2.1620259e-01,   2.2257361e-01,   2.2907634e-01,   2.3571700e-01,   2.4250218e-01,
    2.4943967e-01,   2.5653747e-01,   2.6380461e-01,   2.7125102e-01,   2.7888712e-01,
    2.8672466e-01,   2.9477614e-01,   3.0305517e-01,   3.1157634e-01,   3.2035559e-01,
    3.2940972e-01,   3.3875731e-01,   3.4841779e-01,   3.5841233e-01,   3.6876360e-01,
    3.7949568e-01,   3.9063436e-01,   4.0220723e-01,   4.1424346e-01,   4.2677447e-01,
    4.3983334e-01,   4.5345542e-01,   4.6767819e-01,   4.8254132e-01,   4.9808696e-01,
    5.1435947e-01,   5.3140622e-01,   5.4927659e-01,   5.6802362e-01,   5.8770245e-01,
    6.0837162e-01,   6.3009232e-01,   6.5292990e-01,   6.7695236e-01,   7.0223093e-01,
    7.2884148e-01,   7.5686276e-01,   7.8637761e-01,   8.1747299e-01,   8.5023999e-01,
    8.8477409e-01,   9.2117512e-01,   9.5954752e-01,   1.0000002e+00,
    eta_rho =
    3.1990399e-05,   1.7061540e-04,   4.2653843e-04,   7.6776923e-04,   1.1943075e-03,
    1.7061540e-03,   2.3033076e-03,   2.9857699e-03,   3.7535387e-03,   4.6066153e-03,
    5.5450005e-03,   6.5686922e-03,   7.6776934e-03,   8.8720024e-03,   1.0151616e-02,
    1.1516538e-02,   1.2966772e-02,   1.4502312e-02,   1.6123150e-02,   1.7829305e-02,
    1.9620767e-02,   2.1497536e-02,   2.3459611e-02,   2.5506997e-02,   2.7639698e-02,
    2.9857697e-02,   3.2161001e-02,   3.4549627e-02,   3.7023544e-02,   3.9582774e-02,
    4.2227305e-02,   4.4957157e-02,   4.7772322e-02,   5.0672777e-02,   5.3658549e-02,
    5.6729622e-02,   5.9886009e-02,   6.3127704e-02,   6.6454694e-02,   6.9867015e-02,
    7.3364638e-02,   7.6947562e-02,   8.0615766e-02,   8.4369317e-02,   8.8208191e-02,
    9.2132412e-02,   9.6141987e-02,   1.0023702e-01,   1.0441761e-01,   1.0868388e-01,
    1.1303602e-01,   1.1747422e-01,   1.2199877e-01,   1.2661023e-01,   1.3130893e-01,
    1.3609539e-01,   1.4097051e-01,   1.4593504e-01,   1.5099017e-01,   1.5613678e-01,
    1.6137648e-01,   1.6671093e-01,   1.7214175e-01,   1.7767133e-01,   1.8330194e-01,
    1.8903634e-01,   1.9487776e-01,   2.0082946e-01,   2.0689537e-01,   2.1308006e-01,
    2.1938810e-01,   2.2582503e-01,   2.3239672e-01,   2.3910959e-01,   2.4597093e-01,
    2.5298858e-01,   2.6017100e-01,   2.6752779e-01,   2.7506903e-01,   2.8280595e-01,
    2.9075053e-01,   2.9891568e-01,   3.0731574e-01,   3.1596601e-01,   3.2488266e-01,
    3.3408350e-01,   3.4358761e-01,   3.5341507e-01,   3.6358795e-01,   3.7412971e-01,
    3.8506499e-01,   3.9642075e-01,   4.0822527e-01,   4.2050898e-01,   4.3330383e-01,
    4.4664431e-01,   4.6056670e-01,   4.7510973e-01,   4.9031413e-01,   5.0622320e-01,
    5.2288282e-01,   5.4034138e-01,   5.5865020e-01,   5.7786304e-01,   5.9803700e-01,
    6.1923200e-01,   6.4151120e-01,   6.6494113e-01,   6.8959165e-01,   7.1553624e-01,
    7.4285203e-01,   7.7162015e-01,   8.0192530e-01,   8.3385646e-01,   8.6750698e-01,
    9.0297467e-01,   9.4036138e-01,   9.7977388e-01,
 /
