 &VERTLEVS
  z_top_of_model             =  40000.00,
  first_constant_r_rho_level =  99,
   eta_theta = 
     0.0000000E+00,   0.1250000E-03,   0.3000000E-03,   0.5250000E-03,   0.8000000E-03, 
     0.1125000E-02,   0.1500000E-02,   0.1925000E-02,   0.2400000E-02,   0.2925000E-02, 
     0.3500000E-02,   0.4125000E-02,   0.4800000E-02,   0.5525000E-02,   0.6300000E-02, 
     0.7125000E-02,   0.8000000E-02,   0.8925000E-02,   0.9900000E-02,   0.1092500E-01, 
     0.1200000E-01,   0.1312500E-01,   0.1430000E-01,   0.1552500E-01,   0.1680000E-01, 
     0.1812500E-01,   0.1950000E-01,   0.2092500E-01,   0.2240000E-01,   0.2392500E-01, 
     0.2550000E-01,   0.2712500E-01,   0.2880000E-01,   0.3052500E-01,   0.3230000E-01, 
     0.3412500E-01,   0.3600000E-01,   0.3792500E-01,   0.3990000E-01,   0.4192500E-01, 
     0.4400000E-01,   0.4612500E-01,   0.4830000E-01,   0.5052500E-01,   0.5280000E-01, 
     0.5512500E-01,   0.5750000E-01,   0.5992500E-01,   0.6240000E-01,   0.6492500E-01, 
     0.6750000E-01,   0.7012500E-01,   0.7280000E-01,   0.7554308E-01,   0.7838037E-01, 
     0.8132010E-01,   0.8436962E-01,   0.8753612E-01,   0.9082688E-01,   0.9424930E-01, 
     0.9781096E-01,   0.1015196E+00,   0.1053834E+00,   0.1094103E+00,   0.1136090E+00, 
     0.1179882E+00,   0.1225567E+00,   0.1273237E+00,   0.1322988E+00,   0.1374915E+00, 
     0.1429119E+00,   0.1485701E+00,   0.1544765E+00,   0.1606420E+00,   0.1670773E+00, 
     0.1737938E+00,   0.1808028E+00,   0.1881162E+00,   0.1957460E+00,   0.2037043E+00, 
     0.2120037E+00,   0.2206570E+00,   0.2296771E+00,   0.2390774E+00,   0.2488715E+00, 
     0.2590731E+00,   0.2696964E+00,   0.2807557E+00,   0.2922657E+00,   0.3042411E+00, 
     0.3166971E+00,   0.3296493E+00,   0.3431131E+00,   0.3571047E+00,   0.3716401E+00, 
     0.3867360E+00,   0.4024089E+00,   0.4186760E+00,   0.4355546E+00,   0.4530622E+00, 
     0.4712166E+00,   0.4900359E+00,   0.5095385E+00,   0.5297430E+00,   0.5506685E+00, 
     0.5723339E+00,   0.5947588E+00,   0.6179630E+00,   0.6419664E+00,   0.6667892E+00, 
     0.6924521E+00,   0.7189759E+00,   0.7463816E+00,   0.7746907E+00,   0.8039246E+00, 
     0.8341056E+00,   0.8652556E+00,   0.8973972E+00,   0.9305530E+00,   0.9647462E+00, 
     0.1000000E+01, 
   eta_rho = 
     0.6250000E-04,   0.2125000E-03,   0.4125000E-03,   0.6625000E-03,   0.9625000E-03, 
     0.1312500E-02,   0.1712500E-02,   0.2162500E-02,   0.2662500E-02,   0.3212500E-02, 
     0.3812500E-02,   0.4462500E-02,   0.5162500E-02,   0.5912500E-02,   0.6712500E-02, 
     0.7562500E-02,   0.8462500E-02,   0.9412500E-02,   0.1041250E-01,   0.1146250E-01, 
     0.1256250E-01,   0.1371250E-01,   0.1491250E-01,   0.1616250E-01,   0.1746250E-01, 
     0.1881250E-01,   0.2021250E-01,   0.2166250E-01,   0.2316250E-01,   0.2471250E-01, 
     0.2631250E-01,   0.2796250E-01,   0.2966250E-01,   0.3141250E-01,   0.3321250E-01, 
     0.3506250E-01,   0.3696250E-01,   0.3891250E-01,   0.4091250E-01,   0.4296250E-01, 
     0.4506250E-01,   0.4721250E-01,   0.4941250E-01,   0.5166250E-01,   0.5396250E-01, 
     0.5631250E-01,   0.5871250E-01,   0.6116250E-01,   0.6366250E-01,   0.6621250E-01, 
     0.6881250E-01,   0.7146250E-01,   0.7417154E-01,   0.7696172E-01,   0.7985023E-01, 
     0.8284486E-01,   0.8595287E-01,   0.8918150E-01,   0.9253809E-01,   0.9603013E-01, 
     0.9966530E-01,   0.1034515E+00,   0.1073968E+00,   0.1115097E+00,   0.1157986E+00, 
     0.1202724E+00,   0.1249402E+00,   0.1298112E+00,   0.1348951E+00,   0.1402017E+00, 
     0.1457410E+00,   0.1515233E+00,   0.1575592E+00,   0.1638596E+00,   0.1704355E+00, 
     0.1772983E+00,   0.1844595E+00,   0.1919311E+00,   0.1997251E+00,   0.2078540E+00, 
     0.2163303E+00,   0.2251670E+00,   0.2343773E+00,   0.2439745E+00,   0.2539723E+00, 
     0.2643848E+00,   0.2752261E+00,   0.2865107E+00,   0.2982534E+00,   0.3104691E+00, 
     0.3231732E+00,   0.3363812E+00,   0.3501089E+00,   0.3643724E+00,   0.3791880E+00, 
     0.3945724E+00,   0.4105425E+00,   0.4271153E+00,   0.4443084E+00,   0.4621394E+00, 
     0.4806262E+00,   0.4997872E+00,   0.5196408E+00,   0.5402058E+00,   0.5615012E+00, 
     0.5835464E+00,   0.6063609E+00,   0.6299647E+00,   0.6543778E+00,   0.6796207E+00, 
     0.7057140E+00,   0.7326787E+00,   0.7605361E+00,   0.7893076E+00,   0.8190151E+00, 
     0.8496806E+00,   0.8813264E+00,   0.9139751E+00,   0.9476496E+00,   0.9823731E+00, 
  /

