 &VERTLEVS
  z_top_of_model = 40000.00,
  first_constant_r_rho_level = 129,    
  eta_theta= 
  0.0000000E+00,   0.5000001E-04,   0.1333334E-03,   0.2500001E-03,   0.4000001E-03, 
  0.5833335E-03,   0.8000002E-03,   0.1050000E-02,   0.1333334E-02,   0.1650000E-02, 
  0.2000001E-02,   0.2383334E-02,   0.2800001E-02,   0.3250001E-02,   0.3733334E-02, 
  0.4250001E-02,   0.4800001E-02,   0.5383335E-02,   0.6000001E-02,   0.6650002E-02, 
  0.7333335E-02,   0.8050002E-02,   0.8800002E-02,   0.9583336E-02,   0.1040000E-01, 
  0.1125000E-01,   0.1213334E-01,   0.1305000E-01,   0.1400000E-01,   0.1498334E-01, 
  0.1600000E-01,   0.1705000E-01,   0.1813334E-01,   0.1925001E-01,   0.2040001E-01, 
  0.2158334E-01,   0.2280001E-01,   0.2405001E-01,   0.2533334E-01,   0.2665001E-01, 
  0.2800001E-01,   0.2938334E-01,   0.3080001E-01,   0.3225001E-01,   0.3373334E-01, 
  0.3525001E-01,   0.3680001E-01,   0.3838334E-01,   0.4000001E-01,   0.4165001E-01, 
  0.4333334E-01,   0.4505001E-01,   0.4680001E-01,   0.4858335E-01,   0.5040001E-01, 
  0.5225001E-01,   0.5413335E-01,   0.5605002E-01,   0.5800001E-01,   0.5998335E-01, 
  0.6200002E-01,   0.6405002E-01,   0.6613335E-01,   0.6825002E-01,   0.7040001E-01, 
  0.7258336E-01,   0.7480001E-01,   0.7705002E-01,   0.7933335E-01,   0.8165002E-01, 
  0.8400003E-01,   0.8638336E-01,   0.8880002E-01,   0.9125002E-01,   0.9373336E-01, 
  0.9625003E-01,   0.9880003E-01,   0.1013834E+00,   0.1040000E+00,   0.1066500E+00, 
  0.1093334E+00,   0.1120500E+00,   0.1148000E+00,   0.1175834E+00,   0.1204000E+00, 
  0.1232500E+00,   0.1261334E+00,   0.1290500E+00,   0.1320000E+00,   0.1349834E+00, 
  0.1380000E+00,   0.1410500E+00,   0.1441334E+00,   0.1472500E+00,   0.1504001E+00, 
  0.1535837E+00,   0.1568019E+00,   0.1600566E+00,   0.1633512E+00,   0.1666905E+00, 
  0.1700811E+00,   0.1735319E+00,   0.1770539E+00,   0.1806609E+00,   0.1843694E+00, 
  0.1881994E+00,   0.1921741E+00,   0.1963207E+00,   0.2006706E+00,   0.2052595E+00, 
  0.2101280E+00,   0.2153219E+00,   0.2208926E+00,   0.2268972E+00,   0.2333995E+00, 
  0.2404696E+00,   0.2481849E+00,   0.2566306E+00,   0.2658995E+00,   0.2760931E+00, 
  0.2873217E+00,   0.2997051E+00,   0.3133729E+00,   0.3284651E+00,   0.3451325E+00, 
  0.3635374E+00,   0.3838541E+00,   0.4062692E+00,   0.4309826E+00,   0.4582078E+00, 
  0.4881724E+00,   0.5211188E+00,   0.5573052E+00,   0.5970055E+00,   0.6405105E+00, 
  0.6881285E+00,   0.7401855E+00,   0.7970266E+00,   0.8590163E+00,   0.9265389E+00, 
  0.1000000E+01, 
 eta_rho= 
  0.2500001E-04,   0.9166669E-04,   0.1916667E-03,   0.3250001E-03,   0.4916668E-03, 
  0.6916668E-03,   0.9250002E-03,   0.1191667E-02,   0.1491667E-02,   0.1825001E-02, 
  0.2191667E-02,   0.2591667E-02,   0.3025001E-02,   0.3491668E-02,   0.3991668E-02, 
  0.4525001E-02,   0.5091668E-02,   0.5691668E-02,   0.6325001E-02,   0.6991669E-02, 
  0.7691669E-02,   0.8425002E-02,   0.9191669E-02,   0.9991669E-02,   0.1082500E-01, 
  0.1169167E-01,   0.1259167E-01,   0.1352500E-01,   0.1449167E-01,   0.1549167E-01, 
  0.1652500E-01,   0.1759167E-01,   0.1869167E-01,   0.1982501E-01,   0.2099167E-01, 
  0.2219167E-01,   0.2342501E-01,   0.2469167E-01,   0.2599167E-01,   0.2732501E-01, 
  0.2869168E-01,   0.3009167E-01,   0.3152501E-01,   0.3299168E-01,   0.3449168E-01, 
  0.3602501E-01,   0.3759168E-01,   0.3919167E-01,   0.4082501E-01,   0.4249167E-01, 
  0.4419168E-01,   0.4592501E-01,   0.4769168E-01,   0.4949168E-01,   0.5132501E-01, 
  0.5319168E-01,   0.5509168E-01,   0.5702502E-01,   0.5899168E-01,   0.6099168E-01, 
  0.6302502E-01,   0.6509168E-01,   0.6719168E-01,   0.6932501E-01,   0.7149168E-01, 
  0.7369169E-01,   0.7592501E-01,   0.7819169E-01,   0.8049168E-01,   0.8282502E-01, 
  0.8519169E-01,   0.8759169E-01,   0.9002502E-01,   0.9249169E-01,   0.9499169E-01, 
  0.9752503E-01,   0.1000917E+00,   0.1026917E+00,   0.1053250E+00,   0.1079917E+00, 
  0.1106917E+00,   0.1134250E+00,   0.1161917E+00,   0.1189917E+00,   0.1218250E+00, 
  0.1246917E+00,   0.1275917E+00,   0.1305250E+00,   0.1334917E+00,   0.1364917E+00, 
  0.1395250E+00,   0.1425917E+00,   0.1456917E+00,   0.1488250E+00,   0.1519919E+00, 
  0.1551928E+00,   0.1584292E+00,   0.1617039E+00,   0.1650208E+00,   0.1683858E+00, 
  0.1718065E+00,   0.1752929E+00,   0.1788574E+00,   0.1825151E+00,   0.1862844E+00, 
  0.1901867E+00,   0.1942474E+00,   0.1984957E+00,   0.2029650E+00,   0.2076938E+00, 
  0.2127250E+00,   0.2181073E+00,   0.2238949E+00,   0.2301483E+00,   0.2369345E+00, 
  0.2443272E+00,   0.2524077E+00,   0.2612650E+00,   0.2709963E+00,   0.2817074E+00, 
  0.2935134E+00,   0.3065391E+00,   0.3209190E+00,   0.3367988E+00,   0.3543350E+00, 
  0.3736957E+00,   0.3950616E+00,   0.4186259E+00,   0.4445952E+00,   0.4731901E+00, 
  0.5046456E+00,   0.5392120E+00,   0.5771553E+00,   0.6187580E+00,   0.6643195E+00, 
  0.7141570E+00,   0.7686061E+00,   0.8280215E+00,   0.8927776E+00,   0.9632694E+00, 
 /
