 &VERTLEVS
  z_top_of_model             =  38500.00,
  first_constant_r_rho_level =  59,
   eta_theta = 
     0.0000000E+00,   0.1298668E-03,   0.5194671E-03,   0.1168801E-02,   0.2077868E-02, 
     0.3246669E-02,   0.4675203E-02,   0.6363471E-02,   0.8311473E-02,   0.1051921E-01, 
     0.1298668E-01,   0.1571388E-01,   0.1870081E-01,   0.2194748E-01,   0.2545388E-01, 
     0.2922002E-01,   0.3324589E-01,   0.3753149E-01,   0.4207684E-01,   0.4688191E-01, 
     0.5194673E-01,   0.5727131E-01,   0.6285567E-01,   0.6869984E-01,   0.7480387E-01, 
     0.8116784E-01,   0.8779184E-01,   0.9467606E-01,   0.1018206E+00,   0.1092258E+00, 
     0.1168920E+00,   0.1248196E+00,   0.1330091E+00,   0.1414612E+00,   0.1501767E+00, 
     0.1591566E+00,   0.1684021E+00,   0.1779146E+00,   0.1876959E+00,   0.1977480E+00, 
     0.2080733E+00,   0.2186744E+00,   0.2295548E+00,   0.2407180E+00,   0.2521684E+00, 
     0.2639107E+00,   0.2759508E+00,   0.2882949E+00,   0.3009501E+00,   0.3139245E+00, 
     0.3272274E+00,   0.3408687E+00,   0.3548600E+00,   0.3692138E+00,   0.3839445E+00, 
     0.3990674E+00,   0.4146000E+00,   0.4305611E+00,   0.4469720E+00,   0.4638554E+00, 
     0.4812368E+00,   0.4991439E+00,   0.5176066E+00,   0.5366580E+00,   0.5563341E+00, 
     0.5766734E+00,   0.5977185E+00,   0.6195150E+00,   0.6421126E+00,   0.6655645E+00, 
     0.6899285E+00,   0.7152668E+00,   0.7416463E+00,   0.7691388E+00,   0.7978216E+00, 
     0.8277770E+00,   0.8590941E+00,   0.8918676E+00,   0.9261988E+00,   0.9621959E+00, 
     0.1000000E+01, 
   eta_rho = 
     0.6493338E-04,   0.3246669E-03,   0.8441340E-03,   0.1623335E-02,   0.2662269E-02, 
     0.3960936E-02,   0.5519337E-02,   0.7337472E-02,   0.9415341E-02,   0.1175294E-01, 
     0.1435028E-01,   0.1720735E-01,   0.2032415E-01,   0.2370068E-01,   0.2733695E-01, 
     0.3123295E-01,   0.3538869E-01,   0.3980417E-01,   0.4447938E-01,   0.4941432E-01, 
     0.5460902E-01,   0.6006349E-01,   0.6577776E-01,   0.7175186E-01,   0.7798585E-01, 
     0.8447983E-01,   0.9123395E-01,   0.9824834E-01,   0.1055232E+00,   0.1130589E+00, 
     0.1208558E+00,   0.1289143E+00,   0.1372351E+00,   0.1458189E+00,   0.1546666E+00, 
     0.1637793E+00,   0.1731584E+00,   0.1828053E+00,   0.1927220E+00,   0.2029106E+00, 
     0.2133738E+00,   0.2241146E+00,   0.2351364E+00,   0.2464432E+00,   0.2580395E+00, 
     0.2699308E+00,   0.2821229E+00,   0.2946225E+00,   0.3074373E+00,   0.3205759E+00, 
     0.3340480E+00,   0.3478643E+00,   0.3620369E+00,   0.3765792E+00,   0.3915060E+00, 
     0.4068337E+00,   0.4225805E+00,   0.4387665E+00,   0.4554136E+00,   0.4725461E+00, 
     0.4901903E+00,   0.5083752E+00,   0.5271323E+00,   0.5464960E+00,   0.5665037E+00, 
     0.5871960E+00,   0.6086168E+00,   0.6308138E+00,   0.6538386E+00,   0.6777465E+00, 
     0.7025977E+00,   0.7284565E+00,   0.7553926E+00,   0.7834802E+00,   0.8127993E+00, 
     0.8434356E+00,   0.8754809E+00,   0.9090332E+00,   0.9441974E+00,   0.9810850E+00, 
 /
