  &VERTLEVS
   z_top_of_model = 40000.00,
   first_constant_r_rho_level= 67,
   eta_theta=
   0.0000000E+00,   0.1250000E-03,   0.4285715E-03,   0.9107144E-03,   0.1571428E-02, 
   0.2410714E-02,   0.3428571E-02,   0.4625000E-02,   0.6000000E-02,   0.7553572E-02, 
   0.9285714E-02,   0.1119643E-01,   0.1328572E-01,   0.1555357E-01,   0.1800000E-01, 
   0.2062500E-01,   0.2342857E-01,   0.2641072E-01,   0.2957143E-01,   0.3291072E-01, 
   0.3642858E-01,   0.4012500E-01,   0.4400000E-01,   0.4805358E-01,   0.5228572E-01, 
   0.5669644E-01,   0.6128573E-01,   0.6605358E-01,   0.7100001E-01,   0.7612501E-01, 
   0.8142858E-01,   0.8691073E-01,   0.9257144E-01,   0.9841072E-01,   0.1044286E+00, 
   0.1106250E+00,   0.1170000E+00,   0.1235536E+00,   0.1302857E+00,   0.1371964E+00, 
   0.1442857E+00,   0.1515690E+00,   0.1590695E+00,   0.1667955E+00,   0.1747552E+00, 
   0.1829564E+00,   0.1914075E+00,   0.2001169E+00,   0.2090935E+00,   0.2183466E+00, 
   0.2278855E+00,   0.2377203E+00,   0.2478612E+00,   0.2583188E+00,   0.2691042E+00, 
   0.2802286E+00,   0.2917038E+00,   0.3035420E+00,   0.3157557E+00,   0.3283577E+00, 
   0.3413614E+00,   0.3547803E+00,   0.3686285E+00,   0.3829205E+00,   0.3976710E+00, 
   0.4128953E+00,   0.4286089E+00,   0.4448278E+00,   0.4615685E+00,   0.4788476E+00, 
   0.4966824E+00,   0.5150903E+00,   0.5340893E+00,   0.5536979E+00,   0.5739346E+00, 
   0.5948187E+00,   0.6163697E+00,   0.6386074E+00,   0.6615524E+00,   0.6852252E+00, 
   0.7096471E+00,   0.7348395E+00,   0.7608244E+00,   0.7876242E+00,   0.8152616E+00, 
   0.8437597E+00,   0.8731421E+00,   0.9034327E+00,   0.9346560E+00,   0.9668368E+00, 
   0.1000000E+01, 
   eta_rho=
   0.6250001E-04,   0.2767857E-03,   0.6696429E-03,   0.1241071E-02,   0.1991071E-02, 
   0.2919643E-02,   0.4026786E-02,   0.5312500E-02,   0.6776786E-02,   0.8419643E-02, 
   0.1024107E-01,   0.1224107E-01,   0.1441964E-01,   0.1677679E-01,   0.1931250E-01, 
   0.2202679E-01,   0.2491965E-01,   0.2799107E-01,   0.3124107E-01,   0.3466965E-01, 
   0.3827679E-01,   0.4206250E-01,   0.4602679E-01,   0.5016965E-01,   0.5449108E-01, 
   0.5899108E-01,   0.6366965E-01,   0.6852679E-01,   0.7356251E-01,   0.7877679E-01, 
   0.8416965E-01,   0.8974108E-01,   0.9549108E-01,   0.1014196E+00,   0.1075268E+00, 
   0.1138125E+00,   0.1202768E+00,   0.1269197E+00,   0.1337411E+00,   0.1407411E+00, 
   0.1479274E+00,   0.1553192E+00,   0.1629325E+00,   0.1707753E+00,   0.1788558E+00, 
   0.1871819E+00,   0.1957622E+00,   0.2046052E+00,   0.2137200E+00,   0.2231160E+00, 
   0.2328029E+00,   0.2427908E+00,   0.2530900E+00,   0.2637115E+00,   0.2746664E+00, 
   0.2859662E+00,   0.2976229E+00,   0.3096489E+00,   0.3220567E+00,   0.3348595E+00, 
   0.3480708E+00,   0.3617044E+00,   0.3757745E+00,   0.3902957E+00,   0.4052831E+00, 
   0.4207521E+00,   0.4367184E+00,   0.4531982E+00,   0.4702081E+00,   0.4877650E+00, 
   0.5058863E+00,   0.5245898E+00,   0.5438936E+00,   0.5638163E+00,   0.5843767E+00, 
   0.6055942E+00,   0.6274885E+00,   0.6500799E+00,   0.6733888E+00,   0.6974362E+00, 
   0.7222433E+00,   0.7478320E+00,   0.7742243E+00,   0.8014429E+00,   0.8295106E+00, 
   0.8584509E+00,   0.8882874E+00,   0.9190444E+00,   0.9507464E+00,   0.9834184E+00, 
  / 
